signature 0
0.456783	0.09622	0.320569	0.126428
0.14292	0.120229	0.679338	0.057513
0.194916	0.225219	0.245604	0.334261
0.280921	0.166793	0.129435	0.422851
0.16038	0.517299	0.259141	0.0631801

signature 1
0.0131038	0.272986	0.308754	0.405156
0.242807	0.194019	0.075388	0.487786
0.0283908	0.411785	0.129991	0.429833
0.415831	0.235867	0.343361	0.00494084
0.353272	0.0769459	0.0499446	0.519837

signature 2
0.17272	0.538852	0.0672839	0.221144
0.133672	0.154618	0.230174	0.481535
0.314928	0.374459	0.22335	0.0872619
0.050314	0.091599	0.738873	0.119214
0.524569	0.159021	0.0322241	0.284186
